((("mode:" .
   [1 0 0 0 0])
  ("org" .
   [1 0 0])
  ("setq" .
   [1 0 0 0])
  ("asf" .
   [0 0 1])
  ("sasa" .
   [1 0 0 0])
  ("org-mode" .
   [3 0 0 0 0 0 0 0])
  ("ver" .
   [0 0 1])
  ("hello" .
   [0 0 1 0 0])
  ("data2" .
   [0 0 2 0 0])
  ("data1" .
   [0 0 0 0 1])
  ("html" .
   [3 0 4 1])
  ("helloi" .
   [0 0 3 1 1 0])
  ("the" .
   [1 0 1])
  ("this" .
   [3 0 0 1])
  ("real" .
   [0 0 1 0])
  ("deal" .
   [0 0 1 0])
  ("hahahahahaha" .
   [0 0 0 0 2 0 0 0 0 0 0 0])
  ("This" .
   [0 0 0 1])
  ("helloo" .
   [0 0 1 1 0 0])
  ("html1" .
   [0 0 1 0 0])
  ("neotree" .
   [1 0 0 0 0 0 0])
  ("minimap-mode" .
   [2 0 0 0 0 0 0 0 0 0 0 0])
  ("require" .
   [1 0 0 0 0 0 0])))
